2.197000000000000000e+03 3.436000000000000000e+03 3.078157891381217937e+01 0.000000000000000000e+00
1.013300000000000000e+04 6.864000000000000000e+03 3.078157891381217937e+01 0.000000000000000000e+00
6.700000000000000000e+03 9.740000000000000000e+03 1.896661016523823662e+01 0.000000000000000000e+00
7.810000000000000000e+03 8.184000000000000000e+03 1.533041213116186441e+01 1.000000000000000000e+01
5.237000000000000000e+03 4.980000000000000000e+02 1.189864830730607359e+01 0.000000000000000000e+00
4.603000000000000000e+03 3.813000000000000000e+03 2.671360948035253102e+01 -3.899999999999999911e+00
5.741000000000000000e+03 8.737000000000000000e+03 3.078157891381217937e+01 0.000000000000000000e+00
5.185000000000000000e+03 2.160000000000000000e+02 1.712573253208318391e+01 0.000000000000000000e+00
5.548000000000000000e+03 1.848000000000000000e+03 1.533041213116186441e+01 1.000000000000000000e+01
1.019000000000000000e+04 3.914000000000000000e+03 1.189864830730607359e+01 0.000000000000000000e+00
